559,646
563,388
536,301
927,745
1081,610
894,298
254,189
488,140
1080,535
613,539
616,820
681,736
512,529
723,448
364,842
765,939
705,423
681,196
620,21
NEXT
474,374
435,67
542,-21
875,265
737,51
709,415
655,419
829,862
653,415
618,469
921,406
909,332
317,670
681,136
937,489
977,452
1028,229
762,246
664,430
593,285
1194,240
716,358
471,406
504,59
660,385
963,794
639,672
766,433
390,195
NEXT
923,230
977,702
1125,476
415,364
951,406
1006,355
624,424
935,152
810,805
368,507
453,332
694,380
505,164
681,916
801,776
598,150
1001,243
576,551
1051,526
875,265
510,351
342,160
1028,229
448,173
894,514
681,826
366,635
822,600
567,443
829,554
NEXT
707,393
448,173
504,753
909,332
439,230
705,389
291,406
586,593
857,164
898,-21
504,378
NEXT
225,554
1095,471
735,512
196,563
411,406
1137,258
1001,569
893,194
1041,766
789,193
NEXT
660,427
782,93
611,850
672,434
709,229
663,288
880,342
1062,25
892,115
762,566
436,-75
787,460
858,378
200,161
201,406
681,946
795,369
611,309
281,202
651,406
734,433
NEXT
584,336
708,321
630,731
741,406
482,342
899,248
559,646
980,-6
363,724
858,753
598,150
998,842
998,-30
947,213
918,369
356,355
977,360
633,441
237,336
NEXT
561,406
778,476
617,207
852,351
681,706
617,605
681,826
385,702
681,736
231,406
NEXT
1006,457
672,378
681,-74
470,115
822,600
655,419
761,446
910,91
721,486
589,121
452,721
148,490
512,283
803,166
548,338
326,350
560,318
639,140
617,207
1108,545
532,700
207,481
629,334
436,-75
654,353
463,248
893,618
141,406
523,624
727,548
311,286
935,660
552,805
NEXT
718,292
681,136
814,474
342,160
1108,189
524,-79
874,672
1023,517
733,334
487,265
1023,517
639,448
741,406
681,136
504,59
826,511
782,93
695,494
663,288
254,623
NEXT
