567,369
148,322
831,406
830,112
586,219
769,285
839,188
755,634
667,318
951,406
923,230
NEXT
625,51
764,662
504,59
561,776
769,392
963,794
707,393
575,352
1020,67
559,166
366,635
NEXT
646,358
450,-48
1020,67
738,424
414,542
921,406
639,140
1162,651
382,-6
699,524
417,42
1221,406
733,478
570,64
654,321
1166,249
723,364
171,406
584,336
778,336
910,721
681,226
570,64
850,237
704,258
977,452
762,246
751,503
622,397
660,385
708,321
540,212
387,257
681,376
501,406
850,575
626,577
617,605
778,476
NEXT
782,719
749,539
1051,526
663,288
975,555
829,554
1135,175
1095,471
364,-30
652,410
254,189
998,-30
787,352
999,88
764,662
681,-74
366,177
504,378
363,724
307,596
1081,202
868,501
858,434
620,791
980,818
910,91
540,600
521,487
NEXT
533,258
504,378
531,406
542,-21
977,110
427,660
795,443
998,-30
945,42
644,169
681,526
736,577
894,298
1095,471
1184,327
921,406
681,136
593,527
366,635
415,599
368,507
787,512
885,806
998,-30
681,166
871,596
681,676
417,770
334,229
639,140
269,107
351,406
802,494
765,490
681,466
NEXT
627,512
723,140
745,207
1137,258
1006,355
600,246
702,427
425,489
427,660
681,496
200,161
888,438
1020,745
368,507
414,270
561,36
874,140
792,748
723,364
839,188
850,575
1214,322
681,-44
622,415
NEXT
629,334
570,748
994,507
727,702
826,301
601,446
1020,745
573,193
641,486
586,219
677,377
681,346
868,501
148,490
567,443
681,76
644,643
281,202
390,617
681,736
681,286
589,691
690,347
1166,563
411,406
225,554
773,691
713,613
NEXT
474,438
281,202
672,465
947,448
570,748
786,261
804,237
945,770
681,46
356,457
491,32
727,702
600,566
831,406
620,791
871,780
523,188
1194,572
709,397
839,188
576,261
751,309
718,169
300,25
1125,476
1045,670
975,257
892,697
482,470
448,639
732,81
769,392
760,-97
1041,406
909,332
575,512
NEXT
1108,267
792,64
201,406
653,415
655,393
707,419
841,487
814,474
254,267
914,173
427,152
672,434
1161,406
NEXT
789,619
894,514
823,360
769,527
705,423
947,213
653,415
771,406
658,554
576,261
382,818
596,433
658,554
956,681
702,427
732,731
356,457
625,761
765,490
482,342
468,514
427,152
999,724
699,524
760,-97
254,623
738,388
448,173
441,528
474,374
533,429
NEXT
