817,139
695,494
385,110
762,246
923,230
575,352
963,18
1131,406
1191,406
1137,554
975,555
1036,462
966,498
681,466
296,467
245,723
589,691
NEXT
291,406
778,336
875,547
494,311
505,164
501,406
994,507
633,371
823,452
733,478
1069,688
607,178
1108,623
559,166
935,152
829,862
1062,787
635,548
NEXT
847,919
586,593
999,88
804,237
576,551
245,723
364,-30
999,724
470,697
654,353
512,283
NEXT
744,343
732,731
415,364
1066,345
611,309
663,288
584,336
611,503
267,341
593,392
681,196
909,332
601,446
609,354
858,59
899,564
721,326
1117,89
868,501
NEXT
658,258
681,166
414,542
491,32
948,270
778,336
415,213
524,891
463,564
311,286
681,46
504,753
857,648
690,434
351,406
829,554
609,458
705,389
914,173
618,469
361,569
491,32
1006,355
414,270
655,393
874,672
NEXT
829,258
751,503
694,380
1117,723
850,237
898,833
847,-107
491,596
361,569
601,366
1137,554
810,805
504,753
710,402
282,535
196,249
311,286
695,494
545,139
570,748
829,862
148,322
281,610
672,465
573,619
874,140
707,393
641,326
795,443
745,605
NEXT
681,796
1006,457
436,887
321,406
826,301
245,89
540,600
786,261
761,446
620,791
838,-79
838,-79
681,256
1080,277
NEXT
947,599
947,364
664,382
741,406
148,322
823,360
1036,350
1055,216
450,-48
695,494
542,833
1191,406
504,378
533,554
606,880
269,107
761,366
627,300
898,-21
387,555
702,427
792,64
512,575
510,351
681,766
548,474
838,-79
606,-68
644,169
699,349
1020,160
196,563
570,748
668,432
646,358
912,860
NEXT
399,18
660,427
744,469
652,410
718,520
751,-38
415,213
652,410
559,166
894,514
510,461
533,383
602,909
463,564
975,555
681,826
718,292
668,432
753,354
533,-50
532,112
1162,651
1101,406
545,139
597,-127
972,617
972,617
709,583
709,397
523,188
981,406
NEXT
488,140
765,-127
850,529
1028,229
625,761
1108,545
415,213
704,554
1051,286
494,501
823,360
515,-107
664,382
681,136
733,478
436,887
681,466
261,406
321,766
633,441
975,555
727,110
664,382
801,406
653,415
1108,623
868,501
1069,688
773,121
668,432
1001,569
672,378
751,503
597,490
880,470
681,196
364,842
NEXT
1041,766
532,112
1155,331
597,-127
1020,745
663,463
291,406
624,388
820,833
482,342
267,341
751,503
589,121
829,429
652,410
844,726
207,481
921,528
504,59
254,623
1221,406
738,388
727,702
1117,89
937,489
734,433
681,196
756,880
512,575
808,533
1184,485
830,700
385,110
741,406
469,194
776,219
888,438
NEXT
653,229
633,371
293,688
406,681
740,397
820,833
293,688
231,406
677,435
1214,490
1093,107
427,152
600,566
937,323
488,140
627,512
589,121
470,115
441,284
558,237
1028,229
839,188
664,430
707,419
880,342
227,637
444,443
894,298
439,230
342,67
1125,336
732,81
584,336
510,351
576,551
899,564
888,438
NEXT
761,366
639,140
168,240
705,389
1108,189
321,406
681,586
764,150
561,776
342,67
677,377
654,459
681,826
742,21
635,264
339,517
667,494
589,691
814,338
709,397
237,476
829,429
655,419
1221,406
681,946
709,415
542,-21
756,880
912,860
804,575
681,106
596,433
644,169
762,566
NEXT
361,569
681,286
477,806
927,745
702,385
830,700
875,547
802,318
733,334
766,379
NEXT
947,599
909,332
533,429
795,369
716,454
620,21
611,-38
723,448
1036,350
1045,142
470,697
888,438
545,139
293,688
769,527
981,406
1023,295
1041,406
773,691
439,230
NEXT
912,-48
898,-21
441,284
764,150
627,512
844,86
651,406
861,406
753,354
681,586
627,300
464,-21
808,279
735,512
1184,327
871,216
563,388
681,496
NEXT
894,514
977,452
368,305
658,554
681,286
200,651
926,887
810,805
237,336
734,433
660,385
829,554
802,494
300,787
658,554
705,389
NEXT
735,512
586,219
858,434
363,724
1166,563
910,91
729,371
356,355
996,177
536,301
727,264
584,336
801,406
894,514
624,424
1166,249
804,237
735,300
269,705
237,476
721,486
977,110
663,288
548,474
505,648
575,460
618,343
1108,545
300,787
415,213
281,610
617,207
937,489
444,369
584,336
NEXT
998,-30
291,406
937,489
617,207
762,246
681,916
709,397
820,833
533,258
575,512
291,406
681,646
795,369
293,124
787,512
681,166
533,383
914,173
681,376
317,142
576,261
NEXT
892,115
711,406
448,173
847,919
737,51
471,406
463,564
597,322
681,316
148,322
858,378
231,406
653,229
1041,406
570,64
363,724
611,309
681,-14
417,42
444,443
871,216
NEXT
736,577
795,369
196,563
702,385
704,258
996,635
427,660
356,355
1066,345
740,415
561,406
540,600
406,131
926,887
414,542
261,406
734,433
1041,766
NEXT
751,309
1137,554
861,406
787,512
609,354
718,520
663,463
729,371
654,491
737,761
765,-127
321,406
639,448
629,478
707,419
1194,240
621,406
326,350
956,131
598,150
977,452
611,503
441,284
542,833
414,270
694,432
804,237
948,542
685,435
830,700
1045,670
548,474
822,600
1095,341
690,434
558,575
699,463
450,-48
200,651
NEXT
200,161
713,613
808,279
751,309
1071,406
644,169
523,188
646,454
326,350
664,430
814,474
778,336
737,51
966,498
1194,572
753,354
1101,406
681,286
899,564
668,432
464,833
799,388
533,862
552,805
681,526
NEXT
406,131
613,273
718,520
804,237
504,378
994,507
575,460
406,131
1184,327
474,438
NEXT
1137,554
1095,341
524,-79
817,139
921,284
628,433
635,702
311,286
847,-107
1081,610
364,-30
732,731
488,140
200,651
441,406
681,466
1071,406
575,352
1051,526
861,406
868,501
575,352
NEXT
586,219
524,-79
1095,471
417,770
761,446
624,424
267,471
425,489
200,161
602,-97
769,285
639,364
504,59
515,-107
281,202
559,166
453,332
586,593
847,919
536,301
737,51
414,542
705,389
1020,745
453,332
708,353
871,32
695,318
1011,406
756,880
463,248
769,392
646,454
504,378
893,618
681,706
628,433
875,265
664,430
NEXT
545,139
533,258
1020,652
1166,563
660,427
523,188
910,91
792,748
356,457
705,423
711,406
452,721
NEXT
858,753
494,501
510,351
723,140
667,494
654,353
654,491
947,213
734,379
425,489
690,465
464,833
453,332
593,392
427,152
646,358
518,726
746,-8
596,379
668,432
672,465
267,341
536,301
NEXT
844,86
633,371
311,526
831,406
804,575
521,325
613,273
1011,406
702,427
609,458
254,189
1194,240
575,512
681,346
609,354
702,385
382,818
356,457
436,-75
593,420
710,410
695,318
966,314
698,382
593,285
NEXT
710,402
148,490
1095,341
977,452
317,142
1080,277
909,480
769,420
387,257
727,110
765,-127
753,354
740,397
926,887
708,353
699,463
385,702
554,279
406,681
444,369
NEXT
817,673
1028,229
436,-75
575,460
681,616
893,618
847,-107
364,-30
899,248
552,805
667,494
601,446
639,672
738,388
620,21
921,528
681,436
814,338
792,64
947,213
542,-21
765,322
1041,406
628,379
361,243
366,177
838,-79
956,131
317,142
448,173
655,419
727,264
755,178
977,702
267,341
830,112
625,761
804,575
1184,327
NEXT
415,213
644,169
523,188
540,600
721,326
453,332
602,909
417,770
681,136
822,600
789,619
453,480
756,880
613,539
857,164
681,496
868,311
668,432
523,188
732,81
1001,569
844,726
792,64
558,237
709,415
732,731
NEXT
469,194
918,369
822,600
633,371
795,443
744,469
762,246
947,599
885,6
267,341
452,91
470,115
909,332
1020,160
681,946
817,673
1011,406
892,697
893,618
721,486
435,745
1036,462
935,152
635,264
469,194
778,336
245,723
898,-21
563,388
723,364
945,770
892,115
NEXT
1137,554
627,512
593,420
1045,670
914,639
627,300
850,237
708,459
709,397
727,110
761,446
766,379
267,341
1028,583
624,388
635,702
560,318
655,419
444,443
439,582
1108,545
829,862
NEXT
1041,406
740,397
732,81
778,336
681,46
1066,345
1023,517
326,462
681,46
690,347
452,721
261,406
593,285
463,564
681,466
296,345
841,487
894,298
808,533
822,212
482,342
452,91
385,110
148,490
829,429
NEXT
523,188
829,429
385,360
317,670
893,194
718,520
1135,637
802,494
764,662
782,93
618,469
765,939
441,284
751,850
1001,243
918,443
521,325
850,529
536,511
593,285
838,-79
491,216
829,554
387,555
947,213
436,887
681,496
567,369
861,406
586,219
504,378
317,670
838,891
681,-44
681,946
396,314
524,891
1020,652
NEXT
477,6
681,736
690,465
554,279
745,207
1155,481
874,140
532,700
681,-104
681,-74
823,360
532,700
611,503
802,318
477,6
787,460
630,81
709,397
1093,107
769,285
580,719
751,-38
787,300
504,434
452,91
702,427
542,-21
609,354
721,326
477,6
1095,471
NEXT
307,216
515,919
871,780
196,563
444,369
387,555
385,360
738,388
975,555
765,939
802,318
695,494
1001,569
1055,596
533,-50
586,219
300,25
237,336
552,805
463,248
742,21
681,316
738,388
829,429
399,18
695,318
560,318
326,350
602,909
735,300
342,652
171,406
613,273
417,770
850,529
829,554
NEXT
342,67
560,494
868,501
681,196
822,600
606,-68
926,887
704,554
296,345
681,586
539,452
381,406
914,173
672,347
742,21
609,458
269,107
765,-127
540,600
591,406
858,434
425,323
510,351
786,551
755,178
307,596
681,376
231,406
820,833
736,235
491,32
838,891
474,374
1001,569
921,284
663,349
681,616
681,766
NEXT
452,91
727,110
888,374
633,441
414,270
554,533
736,577
927,67
681,496
548,474
598,150
789,619
685,435
782,719
820,833
874,140
225,554
721,486
494,501
1045,142
708,491
611,503
NEXT
567,369
148,322
831,406
830,112
586,219
769,285
839,188
755,634
667,318
951,406
923,230
NEXT
625,51
764,662
504,59
561,776
769,392
963,794
707,393
575,352
1020,67
559,166
366,635
NEXT
646,358
450,-48
1020,67
738,424
414,542
921,406
639,140
1162,651
382,-6
699,524
417,42
1221,406
733,478
570,64
654,321
1166,249
723,364
171,406
584,336
778,336
910,721
681,226
570,64
850,237
704,258
977,452
762,246
751,503
622,397
660,385
708,321
540,212
387,257
681,376
501,406
850,575
626,577
617,605
778,476
NEXT
782,719
749,539
1051,526
663,288
975,555
829,554
1135,175
1095,471
364,-30
652,410
254,189
998,-30
787,352
999,88
764,662
681,-74
366,177
504,378
363,724
307,596
1081,202
868,501
858,434
620,791
980,818
910,91
540,600
521,487
NEXT
533,258
504,378
531,406
542,-21
977,110
427,660
795,443
998,-30
945,42
644,169
681,526
736,577
894,298
1095,471
1184,327
921,406
681,136
593,527
366,635
415,599
368,507
787,512
885,806
998,-30
681,166
871,596
681,676
417,770
334,229
639,140
269,107
351,406
802,494
765,490
681,466
NEXT
627,512
723,140
745,207
1137,258
1006,355
600,246
702,427
425,489
427,660
681,496
200,161
888,438
1020,745
368,507
414,270
561,36
874,140
792,748
723,364
839,188
850,575
1214,322
681,-44
622,415
NEXT
629,334
570,748
994,507
727,702
826,301
601,446
1020,745
573,193
641,486
586,219
677,377
681,346
868,501
148,490
567,443
681,76
644,643
281,202
390,617
681,736
681,286
589,691
690,347
1166,563
411,406
225,554
773,691
713,613
NEXT
474,438
281,202
672,465
947,448
570,748
786,261
804,237
945,770
681,46
356,457
491,32
727,702
600,566
831,406
620,791
871,780
523,188
1194,572
709,397
839,188
576,261
751,309
718,169
300,25
1125,476
1045,670
975,257
892,697
482,470
448,639
732,81
769,392
760,-97
1041,406
909,332
575,512
NEXT
1108,267
792,64
201,406
653,415
655,393
707,419
841,487
814,474
254,267
914,173
427,152
672,434
1161,406
NEXT
789,619
894,514
823,360
769,527
705,423
947,213
653,415
771,406
658,554
576,261
382,818
596,433
658,554
956,681
702,427
732,731
356,457
625,761
765,490
482,342
468,514
427,152
999,724
699,524
760,-97
254,623
738,388
448,173
441,528
474,374
533,429
NEXT
560,494
468,514
831,406
1069,688
554,279
681,-14
624,388
630,81
829,383
477,806
718,169
893,194
385,452
441,528
753,458
672,378
563,388
658,258
773,121
317,142
321,766
613,539
441,406
464,-21
704,554
425,489
356,457
746,820
518,726
1006,457
977,702
737,761
909,332
NEXT
505,648
399,18
857,164
601,446
885,6
321,766
918,443
1066,467
531,406
448,639
681,466
672,465
NEXT
321,766
621,406
765,490
698,430
342,160
639,140
762,566
1108,189
512,529
841,325
937,323
1041,406
351,406
593,392
171,406
560,318
914,173
1023,517
468,514
858,59
1069,124
751,503
575,352
646,454
1155,481
829,258
396,498
321,46
NEXT
245,89
441,284
1135,175
561,406
542,833
795,443
910,91
635,264
326,462
652,410
617,605
898,833
786,551
311,286
820,-21
681,76
548,338
1081,610
639,140
148,322
602,-97
709,397
709,583
690,465
NEXT
591,406
635,702
554,279
406,131
765,322
893,618
830,700
810,7
560,318
567,443
342,160
655,393
1194,240
918,369
808,279
871,32
261,406
690,465
727,264
639,448
709,229
254,267
740,415
620,791
681,826
NEXT
699,524
776,593
771,406
927,745
736,235
628,433
898,833
586,593
799,424
744,469
317,142
351,406
1093,705
947,599
512,575
826,301
927,67
639,448
597,490
435,745
844,726
677,377
580,719
1081,610
850,237
681,-44
771,406
641,326
741,406
1117,723
657,423
NEXT
858,753
858,59
909,480
542,833
751,850
628,379
339,517
644,520
1023,295
744,343
617,605
789,619
681,286
778,476
999,724
746,820
1055,216
382,-6
975,555
584,336
681,556
910,91
681,766
801,36
857,164
1108,267
1093,705
586,593
792,64
871,32
912,-48
681,496
803,646
1055,216
351,406
NEXT
994,305
708,459
891,406
880,342
417,770
681,586
1161,406
838,-79
898,833
611,850
601,446
766,433
533,862
488,672
607,634
655,393
342,745
926,-75
504,434
600,566
548,338
718,292
681,856
735,512
387,555
663,349
NEXT
977,452
646,454
624,388
293,688
168,572
681,-14
664,430
782,93
710,402
681,-134
1093,107
321,406
300,787
563,424
817,139
515,919
415,364
504,59
681,796
436,-75
664,382
888,374
469,618
804,237
681,286
698,430
196,563
740,415
1051,526
452,721
681,136
567,369
937,323
618,469
NEXT
617,207
787,460
723,448
802,494
787,460
563,424
681,736
600,566
1166,249
966,314
708,459
524,891
NEXT
510,461
861,406
545,673
622,397
996,635
850,237
994,305
820,-21
1071,406
491,216
926,887
753,354
NEXT
598,662
1080,535
597,-127
411,406
787,460
532,112
709,229
829,429
737,51
494,501
956,131
1001,569
468,514
660,385
554,533
681,256
839,188
945,42
474,374
570,64
681,466
622,397
596,433
463,564
548,338
307,596
801,36
597,939
690,347
737,761
1166,563
817,139
363,88
736,235
207,481
644,643
639,140
708,321
NEXT
658,554
425,323
709,583
282,535
874,140
765,322
658,258
709,415
994,507
871,596
702,427
651,406
681,736
850,575
448,173
NEXT
808,279
740,397
760,909
749,539
657,389
622,397
685,435
817,139
782,719
1028,229
504,59
531,406
820,-21
NEXT
1062,787
593,527
533,383
654,321
1045,670
699,349
707,393
512,283
681,646
611,-38
464,833
1108,545
829,258
681,-134
644,520
1080,535
744,343
707,393
617,605
609,458
762,246
672,347
613,539
847,-107
977,452
464,-21
885,806
567,369
804,237
620,791
681,-134
945,770
382,818
844,86
628,433
681,-14
681,406
850,283
NEXT
469,194
411,406
899,248
923,230
452,721
858,59
573,193
826,301
668,380
584,476
589,691
613,273
776,593
494,501
533,-50
NEXT
685,435
852,351
804,575
1001,243
829,429
597,939
681,436
611,850
981,406
745,207
512,575
927,67
963,794
948,542
771,406
624,424
282,277
705,423
200,651
613,539
927,745
201,406
977,110
709,583
474,438
947,599
627,300
591,406
300,787
1081,202
382,-6
713,613
450,860
653,229
425,489
1041,766
NEXT
435,745
804,575
613,539
171,406
487,547
672,347
751,503
427,660
1066,345
200,651
575,300
654,459
512,529
488,672
773,691
910,91
342,67
709,229
646,454
657,423
390,195
613,273
311,526
178,327
385,360
1095,471
999,88
996,635
225,258
746,-8
444,369
672,434
1001,569
880,470
227,637
844,86
923,582
681,886
611,850
NEXT
893,618
850,529
663,524
390,195
597,939
196,249
611,503
698,382
518,726
868,311
857,648
729,371
740,415
NEXT
387,257
769,420
799,424
749,539
838,891
630,81
630,731
559,646
307,596
766,433
1062,787
765,322
622,415
436,-75
814,474
225,554
575,512
764,662
910,721
817,673
885,6
291,406
716,454
975,257
624,424
1069,124
1108,189
NEXT
655,419
721,326
646,358
548,474
321,766
561,36
524,-79
795,443
880,342
1117,89
681,736
NEXT
488,140
281,202
602,909
307,596
786,551
1006,355
1161,406
718,520
531,406
658,554
792,64
639,448
540,600
871,780
552,7
844,726
681,286
361,243
469,194
681,16
200,651
436,887
364,-30
NEXT
178,327
444,443
1020,652
385,702
718,292
560,494
885,6
847,-107
681,616
591,406
427,152
342,745
977,110
601,366
681,826
981,406
518,86
245,89
699,524
575,512
300,787
635,110
1214,490
607,178
NEXT
857,164
1055,216
148,490
494,501
427,152
387,555
629,334
923,230
681,436
655,393
596,379
745,207
699,349
207,481
734,433
311,526
533,429
681,46
829,-50
NEXT
628,433
681,886
482,342
844,86
382,818
755,634
963,18
563,388
681,-74
994,305
760,-97
311,526
561,406
966,314
630,81
947,599
596,433
705,389
1117,723
1001,569
874,140
570,64
830,700
776,593
494,311
524,891
994,305
909,480
947,213
532,700
573,193
NEXT
729,371
817,673
598,662
923,230
653,397
778,336
441,284
711,406
1101,406
839,624
975,257
708,459
396,498
718,643
387,257
910,91
1194,240
293,124
702,385
575,512
1066,467
512,529
491,780
947,599
723,140
1095,341
487,265
NEXT
533,383
1066,467
888,374
875,547
841,325
681,346
975,257
721,486
168,572
293,124
1137,258
575,300
875,547
596,379
629,334
597,322
1184,485
786,551
570,748
744,343
649,613
871,780
626,235
858,378
NEXT
732,81
912,-48
602,909
721,326
921,284
681,196
937,323
439,582
829,862
786,551
554,533
822,600
453,480
597,939
321,766
580,93
765,-127
602,-97
NEXT
207,481
477,6
716,454
802,318
803,646
512,529
620,21
994,507
852,461
441,406
533,258
444,369
756,-68
639,364
521,325
893,618
738,388
708,321
787,512
677,377
1161,406
1071,406
471,406
681,106
704,554
536,511
463,564
436,887
427,660
602,909
436,-75
1194,240
745,605
746,-8
607,178
927,745
685,377
868,311
NEXT
267,471
817,139
296,345
1108,267
704,554
705,423
817,139
620,21
326,350
977,452
681,-44
947,213
464,-21
321,406
681,76
552,805
487,265
317,142
570,64
435,67
718,292
NEXT
945,42
385,360
668,432
575,460
681,286
732,731
576,261
705,389
839,188
826,301
307,216
293,688
512,283
923,230
307,596
735,300
1184,327
414,270
817,673
307,216
NEXT
624,388
966,314
977,452
804,575
417,42
1028,229
613,539
450,860
542,833
300,25
207,481
874,140
893,194
857,648
977,452
751,503
909,480
792,64
1006,457
672,434
441,528
776,593
681,556
795,369
254,545
609,458
921,528
734,433
857,648
858,434
826,511
850,575
1081,202
998,-30
NEXT
898,-21
427,152
651,406
681,616
801,776
708,459
736,577
660,385
844,86
755,178
918,369
470,697
765,490
1093,705
515,-107
NEXT
237,336
718,169
740,415
427,660
387,555
387,555
681,856
606,880
1081,610
761,446
148,322
488,140
621,406
751,503
531,406
245,723
627,300
1214,490
803,646
685,435
713,199
709,583
385,702
598,150
NEXT
1051,526
841,325
963,18
817,139
681,-134
1045,670
611,-38
681,136
1023,517
1095,341
626,235
681,346
512,575
709,583
888,438
914,639
749,539
512,283
482,342
NEXT
1045,670
705,389
649,613
681,436
1006,355
858,378
567,443
515,919
786,261
751,-38
672,465
NEXT
196,563
628,379
533,429
364,842
681,-14
561,36
567,369
681,46
470,115
829,258
695,494
607,634
888,438
624,424
839,624
1161,406
148,490
415,213
766,433
746,-8
899,248
1066,467
356,355
663,349
888,438
624,424
921,528
1051,526
663,463
148,322
427,152
417,770
681,646
829,862
786,551
1194,240
598,150
702,427
NEXT
737,761
436,887
488,672
875,547
334,229
602,909
531,406
795,369
898,833
293,124
888,438
923,582
892,697
994,305
874,672
622,415
616,-8
681,-134
453,332
826,511
531,406
532,700
469,194
858,434
281,202
918,443
554,279
765,-127
681,16
482,342
937,323
718,292
820,-21
947,213
1041,406
891,406
611,503
677,435
723,672
NEXT
789,619
677,435
342,160
523,188
716,454
414,270
584,336
254,545
926,-75
630,731
799,424
1101,406
NEXT
491,596
453,480
532,700
713,199
470,697
533,258
945,42
893,618
654,491
602,-97
875,547
339,295
745,605
441,406
611,503
227,175
399,794
1166,249
1184,327
558,237
452,91
593,420
515,-107
382,-6
923,582
339,295
575,300
415,448
667,318
463,564
782,93
NEXT
765,-127
850,575
1062,25
718,520
448,639
639,364
672,434
782,93
536,301
606,880
801,406
694,380
596,379
681,76
625,51
415,364
732,731
633,371
417,770
681,616
681,736
685,435
523,188
231,406
321,766
996,635
584,476
616,-8
385,452
635,548
624,388
681,466
531,406
894,514
892,697
NEXT
1125,476
926,887
709,583
196,249
441,528
1020,67
858,753
339,517
893,618
695,494
639,364
841,325
554,279
168,572
888,374
704,258
558,237
694,432
644,292
667,318
539,452
178,327
844,726
630,81
727,702
655,393
951,406
559,646
923,582
641,326
705,389
NEXT
814,474
787,352
736,235
937,489
1161,406
361,569
148,322
307,216
875,265
734,379
822,212
690,434
611,850
NEXT
852,461
417,42
321,46
681,706
1095,341
560,318
654,459
681,316
857,648
624,424
627,300
935,660
733,478
567,443
593,527
945,770
468,298
858,378
1006,457
803,166
749,539
616,820
453,332
829,383
892,115
385,452
875,547
761,366
628,433
776,593
705,423
830,700
NEXT
894,514
654,491
858,378
801,406
672,434
575,460
586,593
857,648
742,791
1081,610
524,891
1095,341
1101,406
695,494
611,503
753,458
1155,481
663,524
491,780
677,377
764,150
536,511
307,216
830,700
382,818
560,494
966,314
681,226
600,566
282,277
966,314
823,452
406,131
196,563
427,152
225,258
625,51
NEXT
609,354
596,379
685,435
857,648
826,511
611,850
1055,216
427,660
616,820
829,862
387,257
390,617
611,309
563,388
829,429
852,461
858,753
606,880
727,702
773,121
681,46
787,460
646,454
575,300
NEXT
762,566
891,406
814,474
439,582
649,613
727,702
704,258
850,283
1101,406
593,527
560,494
980,818
567,443
871,32
776,219
702,427
441,528
518,86
1069,124
1020,160
425,489
363,88
573,193
801,406
NEXT
734,379
778,476
436,887
521,325
718,169
444,369
829,258
639,140
1023,517
593,420
548,474
448,173
488,672
207,331
810,7
698,382
463,564
339,295
1184,485
415,448
762,566
545,673
453,332
602,909
948,542
838,891
918,443
926,-75
524,-79
560,494
300,25
709,415
963,794
822,600
521,487
317,142
778,336
575,352
NEXT
584,336
707,393
998,842
504,434
749,539
786,551
937,489
512,237
850,237
847,919
586,593
742,21
742,21
148,322
321,406
885,6
1117,89
293,688
291,406
963,18
NEXT
639,672
918,443
366,177
998,-30
468,298
681,766
469,194
880,342
635,548
1194,240
963,794
261,406
436,-75
504,378
607,178
927,67
611,309
732,81
282,277
681,46
912,860
1066,467
694,380
368,305
382,-6
448,173
441,406
1101,406
616,820
1155,331
732,731
1066,345
611,309
850,237
441,528
681,556
441,528
NEXT
628,379
488,140
570,64
237,336
741,406
721,326
708,459
282,535
999,724
690,347
723,140
681,496
510,461
977,110
254,189
488,672
947,364
425,323
616,-8
760,909
201,406
751,850
523,188
NEXT
740,397
732,81
792,64
602,909
829,429
627,300
639,364
227,637
740,415
981,406
641,486
NEXT
801,406
644,292
606,880
653,397
267,471
415,364
975,257
729,371
749,539
1020,745
532,112
591,406
542,-21
518,86
709,397
892,697
918,443
1137,554
148,322
425,489
385,360
463,248
1184,327
436,887
321,766
652,410
1081,202
980,-6
436,-75
415,364
254,623
795,369
576,261
996,177
744,343
801,406
326,350
829,554
778,336
NEXT
654,491
444,443
769,420
593,527
829,258
591,406
909,332
822,600
317,142
399,18
977,452
710,410
477,806
1131,406
1006,457
694,432
977,110
639,448
593,285
385,452
681,376
444,369
801,406
NEXT
435,745
744,343
321,46
200,651
644,169
704,258
795,369
667,494
912,-48
829,429
708,491
644,169
518,726
709,229
829,258
1055,216
NEXT
826,511
611,503
561,776
1020,67
681,616
705,423
469,194
1081,610
681,346
751,850
468,298
977,110
618,469
435,67
795,369
681,346
814,474
417,770
996,635
769,527
681,16
1081,202
1028,583
227,637
552,7
477,806
914,173
927,67
792,64
649,613
356,355
1125,476
644,292
477,6
801,406
912,-48
885,806
NEXT
552,805
573,193
708,321
681,616
667,318
540,212
464,833
803,646
501,406
505,648
829,862
624,388
663,349
830,700
368,305
606,-68
829,429
723,140
871,780
799,424
721,326
1162,161
977,452
762,566
364,842
972,617
972,617
575,512
539,360
716,358
681,226
1020,160
552,805
364,842
NEXT
415,448
681,-14
966,314
501,406
225,554
923,230
406,681
947,213
548,338
1214,322
629,478
436,887
464,833
560,494
625,761
575,300
1155,331
441,528
364,-30
NEXT
795,369
654,353
339,517
838,891
999,88
749,273
307,216
293,124
935,660
852,351
745,207
561,406
681,376
736,577
653,415
593,392
737,51
649,613
533,-50
744,343
951,406
613,273
803,166
584,476
NEXT
390,617
267,341
1214,490
387,555
698,430
977,452
740,397
536,301
999,724
641,486
629,478
1081,202
786,261
567,369
677,435
427,152
888,438
829,-50
1006,355
699,288
261,406
254,623
390,195
NEXT
1080,277
491,596
521,487
1028,229
681,-104
1191,406
567,369
368,507
427,152
635,702
381,406
282,535
654,459
1041,46
892,115
729,441
593,392
425,323
718,292
681,166
681,436
721,486
168,572
778,476
NEXT
586,593
977,360
414,542
385,452
649,199
463,248
653,229
532,700
829,-50
829,258
639,140
512,237
NEXT
681,706
937,489
417,770
1006,355
681,136
1081,202
387,257
921,406
351,406
782,93
927,67
644,292
751,309
817,139
891,406
681,346
237,336
735,300
681,946
505,648
415,448
735,300
245,89
795,369
681,526
808,279
677,377
415,599
545,673
491,780
910,91
729,371
1155,481
NEXT
366,635
1011,406
751,850
512,283
382,818
727,264
927,67
626,577
580,719
923,230
1041,46
808,533
448,639
765,939
755,634
927,745
441,406
505,164
649,613
561,406
727,702
633,441
504,378
628,379
1191,406
601,366
858,434
808,533
912,-48
742,21
681,886
267,471
695,494
704,554
596,433
NEXT
474,374
1194,572
1062,787
611,-38
635,702
1028,229
723,448
1020,67
810,805
672,378
822,212
657,423
998,-30
736,577
474,438
764,150
540,600
168,572
644,169
NEXT
168,240
923,230
1161,406
1051,526
200,161
639,364
654,491
880,342
847,919
910,721
563,388
893,618
491,780
681,106
540,600
639,140
1020,160
787,352
1125,476
311,286
635,264
814,338
727,264
573,193
474,374
672,378
699,463
704,554
695,494
NEXT
1214,490
321,46
448,639
635,548
707,419
611,309
591,406
681,946
641,326
464,833
709,397
523,624
575,512
810,7
1108,189
874,140
609,458
802,494
663,349
708,491
681,256
653,229
817,139
468,298
576,551
427,660
487,547
1137,258
681,106
651,406
921,528
414,542
NEXT
681,856
624,424
385,360
390,617
436,-75
474,438
468,514
850,575
477,806
624,424
580,93
1041,46
NEXT
727,548
1045,670
742,791
536,511
762,246
464,-21
626,577
980,-6
593,527
296,467
281,202
727,702
602,909
977,360
996,635
627,300
711,406
469,194
732,731
148,490
342,745
545,139
792,64
681,946
749,273
390,617
751,850
593,420
751,850
563,424
888,438
491,596
1095,471
923,230
NEXT
452,721
616,820
417,42
699,524
802,318
654,491
823,360
1137,554
1162,651
254,545
871,32
663,463
956,681
716,454
999,88
552,7
1095,341
494,501
681,736
681,496
723,140
620,791
707,419
653,397
996,177
626,577
NEXT
639,448
710,402
417,42
892,697
1162,161
672,465
838,891
721,326
769,420
611,-38
580,719
227,175
704,258
996,177
653,583
681,136
760,-97
850,237
830,112
1117,89
830,700
766,379
596,379
736,235
504,59
334,229
593,392
591,406
NEXT
311,286
531,406
652,402
782,93
718,292
672,434
732,731
742,791
705,423
698,430
611,-38
512,529
744,343
558,237
760,-97
888,438
390,617
1191,406
1081,202
620,21
364,-30
1184,485
681,676
237,476
1081,202
441,406
237,336
776,593
1095,471
225,258
267,341
296,345
857,164
NEXT
622,397
664,382
874,672
718,169
999,88
875,265
857,164
817,673
452,91
704,554
570,748
282,535
606,880
171,406
681,-74
560,318
948,542
368,507
558,575
681,136
850,575
723,448
282,535
885,806
635,264
471,406
635,110
536,511
1020,652
385,360
504,59
293,688
487,547
1045,142
NEXT
606,880
677,435
681,-134
628,433
810,805
857,648
518,86
561,776
300,25
366,177
1045,670
452,721
533,258
937,489
745,605
580,719
427,152
178,485
464,833
597,322
1023,517
281,610
664,430
450,860
639,448
792,748
681,226
NEXT
584,476
657,423
1041,406
891,406
168,572
742,21
709,415
820,-21
651,406
626,235
999,724
178,327
487,547
771,406
727,548
618,469
738,424
721,486
NEXT
512,237
450,-48
782,719
558,237
630,731
385,452
963,794
947,364
841,325
681,556
699,463
1095,341
342,745
681,436
596,433
575,512
723,672
699,524
681,76
1117,723
597,-127
746,820
690,378
415,599
664,430
293,124
672,347
977,452
580,93
334,229
649,613
NEXT
773,691
545,139
755,178
709,583
178,327
361,243
168,240
361,243
778,336
596,379
681,376
765,-127
927,745
444,443
533,554
622,397
504,59
681,826
254,189
847,919
611,850
945,770
491,32
972,617
515,-107
597,322
966,498
708,321
738,424
593,392
769,392
874,140
168,572
524,891
602,-97
600,246
NEXT
923,582
356,457
782,93
814,474
450,-48
505,648
718,643
672,465
366,635
963,794
597,322
654,321
267,341
415,599
977,452
533,554
1045,670
795,443
NEXT
956,681
540,212
769,527
491,216
293,124
361,569
406,681
611,503
580,93
663,349
909,332
539,360
658,554
602,909
857,648
681,556
178,327
540,212
602,909
584,336
1020,67
589,121
716,454
947,213
NEXT
956,131
810,805
339,295
778,336
361,243
681,916
1001,243
593,285
710,410
888,374
NEXT
589,121
937,489
477,806
453,332
711,406
672,347
646,358
951,406
912,-48
552,7
1041,46
727,264
699,349
561,406
668,380
207,331
787,352
875,265
488,672
518,726
1023,295
681,616
660,427
937,323
912,860
501,406
746,-8
977,702
823,360
622,415
681,316
611,-38
681,706
326,462
339,295
342,160
596,433
NEXT
1006,457
948,542
672,434
727,110
736,235
738,388
1045,142
776,219
880,470
450,860
716,454
755,634
1137,554
769,285
945,770
269,705
1081,610
745,605
937,489
681,16
521,487
708,459
539,360
858,753
494,501
539,360
1020,745
681,706
740,415
NEXT
735,512
491,596
1117,723
735,300
721,486
912,-48
1155,331
814,474
708,321
237,336
618,343
227,175
622,415
629,478
NEXT
778,336
539,452
681,196
487,265
1036,462
593,285
681,226
406,131
363,88
927,745
839,188
611,309
597,322
1041,766
654,459
1055,596
681,436
977,452
727,110
598,662
660,385
311,286
269,107
469,618
912,860
1020,160
820,-21
765,490
672,465
690,347
NEXT
646,358
981,406
681,856
406,131
956,681
898,-21
1028,583
141,406
524,-79
293,124
664,382
1117,89
501,406
622,415
789,193
1125,476
1051,526
NEXT
795,369
607,178
829,554
618,469
515,919
1062,25
558,237
231,406
591,406
254,267
980,-6
575,300
624,424
652,410
732,81
311,286
561,776
847,919
293,124
658,554
709,229
655,393
644,292
488,140
753,354
1155,331
471,406
998,-30
664,382
690,378
293,124
681,46
769,285
542,833
838,891
1001,243
727,264
NEXT
453,332
1108,267
207,331
417,42
718,520
761,366
342,160
488,672
148,322
504,378
628,433
570,748
681,166
620,21
1011,406
681,286
561,406
702,427
573,193
482,342
504,434
342,67
477,806
296,345
892,115
558,237
769,285
733,334
766,379
607,178
NEXT
644,643
1045,670
885,6
1045,670
994,305
912,-48
744,469
947,364
760,909
620,791
444,443
450,-48
552,805
874,140
1069,124
435,67
254,545
891,406
850,237
782,719
795,369
681,766
892,115
1045,142
653,397
531,406
NEXT
998,842
452,91
858,753
639,140
417,770
474,438
554,279
1095,471
935,660
681,706
487,547
1066,345
1028,229
847,-107
245,89
926,-75
776,593
453,332
749,273
620,21
NEXT
850,237
1020,67
1020,160
829,554
737,51
681,616
658,258
765,490
1184,485
850,575
282,277
654,353
738,424
1036,462
782,93
685,377
464,-21
515,919
598,662
NEXT
1166,563
660,385
975,555
975,257
518,726
282,535
734,433
1108,623
694,432
672,434
740,397
453,332
254,189
597,-127
NEXT
559,166
685,435
390,617
1137,258
1093,705
822,600
803,166
501,406
822,600
734,433
681,796
1108,623
742,791
597,490
672,465
469,194
616,-8
630,731
532,112
444,443
494,311
745,207
681,286
880,470
363,724
641,486
NEXT
532,112
795,369
769,420
439,582
977,110
737,51
892,115
334,229
641,326
787,512
201,406
751,-38
470,115
681,946
1184,485
746,-8
491,216
1162,651
1051,526
1155,481
630,731
609,354
NEXT
602,-97
548,338
326,462
334,583
733,478
923,230
1020,745
998,-30
980,-6
888,438
787,352
707,393
935,660
560,318
681,556
633,371
1045,670
539,360
269,705
617,207
1162,161
532,112
858,378
826,511
385,702
672,434
1051,286
617,605
NEXT
1081,202
735,512
625,51
899,564
1117,723
891,406
727,702
760,909
1062,787
654,321
415,213
600,566
918,369
464,-21
829,862
NEXT
708,353
468,298
975,555
368,305
576,551
533,429
737,761
444,369
364,842
727,264
999,88
554,279
178,485
521,325
690,347
740,397
918,369
545,673
681,-134
776,219
761,446
749,273
448,639
817,139
464,-21
561,36
1194,572
914,639
399,794
1051,526
898,833
366,177
196,249
766,379
NEXT
267,341
893,618
857,648
789,193
699,349
681,166
713,199
1131,406
441,284
839,624
935,660
586,219
694,432
621,406
681,-14
850,283
801,406
1020,160
769,392
494,501
699,524
831,406
681,706
766,433
441,406
505,164
633,441
196,563
385,452
552,805
196,249
787,460
850,283
444,443
839,188
477,806
NEXT
789,193
593,285
766,433
829,-50
810,805
751,-38
716,454
504,753
482,470
829,-50
649,613
963,794
764,662
622,415
536,301
746,820
536,511
769,527
448,173
141,406
718,643
441,528
1066,345
999,88
741,406
1137,258
178,327
148,322
563,424
561,406
737,761
201,406
317,142
690,347
738,424
681,46
450,-48
841,325
NEXT
975,555
861,406
727,548
591,406
820,-21
399,18
871,780
644,292
664,430
390,195
624,388
617,605
1020,160
NEXT
554,533
624,424
505,648
891,406
858,753
1028,583
734,433
695,494
269,705
396,498
654,353
778,476
171,406
200,651
694,432
625,761
776,593
427,152
745,605
609,458
580,719
746,820
356,355
921,406
441,406
586,219
708,321
141,406
644,520
269,107
469,194
829,383
721,326
663,463
975,555
898,-21
227,637
NEXT
681,616
533,383
822,212
326,350
576,551
317,670
801,36
570,64
914,173
425,323
972,617
762,246
351,406
858,753
390,617
317,670
356,355
742,791
533,429
602,-97
1041,766
NEXT
639,672
494,311
681,-134
727,548
653,229
141,406
453,332
635,110
838,891
804,575
282,535
450,860
1137,554
681,46
654,353
635,264
435,745
464,-21
698,430
817,139
282,535
300,25
681,766
613,273
681,226
321,406
764,662
786,551
342,745
1006,457
641,486
616,820
570,64
1135,175
452,721
NEXT
548,338
601,446
746,-8
1095,341
709,415
533,554
672,465
681,196
1214,490
787,352
850,283
361,569
584,336
681,136
1108,623
390,195
681,106
771,406
963,18
1023,295
769,420
651,406
1006,355
269,705
NEXT
947,448
996,635
814,474
267,471
178,327
803,646
733,334
732,81
868,311
518,726
736,235
1101,406
593,420
617,605
NEXT
512,237
707,419
672,434
729,371
838,-79
868,311
655,419
654,353
829,429
1080,535
531,406
1020,160
415,213
681,316
425,489
734,379
839,188
765,939
894,298
1191,406
567,369
NEXT
668,432
898,-21
681,946
977,360
512,237
593,420
668,380
1125,476
1001,243
540,600
NEXT
888,374
554,533
575,460
611,850
787,300
356,355
491,596
998,-30
1162,651
1184,485
366,177
399,794
539,452
548,474
677,435
695,318
NEXT
1023,517
810,805
1137,554
1023,517
966,314
591,406
898,-21
628,433
245,89
776,593
745,207
847,919
611,850
718,520
829,429
387,257
558,237
822,212
382,-6
491,32
399,794
874,140
653,229
368,507
769,420
427,152
635,702
709,583
734,379
532,112
207,481
512,283
591,406
708,459
641,326
660,427
657,389
567,443
708,491
NEXT
463,248
672,434
597,322
1020,160
1162,161
1055,596
654,491
269,107
453,332
823,452
935,660
390,617
710,402
417,42
792,748
646,454
857,164
441,528
875,547
617,605
898,-21
808,533
756,-68
841,325
629,478
966,314
450,860
639,364
921,528
1108,267
474,374
742,791
850,529
399,18
681,436
NEXT
361,569
857,648
600,246
921,284
521,487
852,351
698,382
810,805
307,216
681,676
512,237
909,480
521,325
512,237
751,503
685,377
417,42
532,700
668,432
737,761
681,-14
926,-75
396,498
850,529
672,434
1001,243
415,448
1194,572
573,619
651,406
699,288
672,465
536,301
NEXT
575,352
326,350
1069,124
799,388
561,406
927,67
947,599
552,805
681,-74
891,406
602,909
738,424
609,458
681,496
342,67
491,780
708,491
474,374
1125,476
597,322
646,454
366,635
524,891
282,535
795,369
799,388
168,240
491,216
1108,623
NEXT
741,406
168,240
639,140
947,448
635,702
488,140
888,374
1093,705
945,42
1028,583
685,435
681,676
504,378
317,670
729,371
518,86
681,736
769,527
539,452
921,284
576,261
765,322
734,433
681,706
998,842
463,248
644,643
755,634
1108,189
201,406
NEXT
880,470
168,572
795,443
532,700
470,115
626,235
311,286
838,-79
657,423
681,76
644,643
1023,295
789,619
977,360
NEXT
709,397
364,-30
560,318
894,298
628,379
1191,406
1194,572
560,494
536,511
702,385
NEXT
814,474
654,459
707,393
893,194
366,635
981,406
494,501
539,452
1137,258
914,639
334,229
415,448
830,700
707,419
518,726
742,791
814,338
937,489
826,511
178,485
617,605
385,452
681,-104
600,566
891,406
1055,596
NEXT
311,526
635,702
702,385
559,646
649,199
597,939
778,336
575,300
937,489
802,494
998,842
435,745
778,336
596,379
766,433
999,88
707,393
448,173
539,360
695,494
681,76
558,575
654,353
1080,535
639,364
761,446
518,726
708,491
NEXT
363,724
399,794
207,481
1135,175
735,512
829,554
658,554
888,374
1184,327
935,152
597,-127
734,379
871,216
488,672
624,424
799,424
178,327
802,318
823,360
937,489
681,-134
822,600
850,283
751,-38
441,406
699,349
765,322
542,-21
858,434
616,820
NEXT
742,791
655,419
657,389
321,46
317,142
792,64
639,364
611,503
427,152
427,660
644,169
584,476
918,443
450,-48
663,463
586,219
491,780
738,388
694,380
773,691
411,406
755,634
269,107
994,507
721,486
200,161
1036,350
898,-21
609,458
487,265
NEXT
695,318
829,429
742,21
1071,406
504,378
468,298
453,332
737,51
1051,526
698,382
518,86
1055,216
787,352
681,736
745,605
972,195
464,-21
681,16
1045,670
738,424
801,36
575,352
600,566
690,378
596,433
801,776
699,524
196,563
1117,89
751,309
NEXT
761,366
411,406
382,818
792,64
817,673
554,279
600,246
1020,652
611,309
321,766
738,388
694,432
732,731
850,529
515,919
554,279
1071,406
521,325
300,787
742,791
937,489
364,-30
704,554
723,140
1020,652
681,436
NEXT
681,946
326,350
1162,161
713,613
690,378
364,-30
708,353
364,-30
861,406
716,358
494,501
639,364
681,286
945,42
470,115
858,753
681,766
396,498
504,378
523,188
734,433
584,336
NEXT
641,326
792,64
560,318
1051,286
899,248
366,635
963,794
448,173
1071,406
1023,295
681,166
672,378
653,229
435,745
764,662
935,152
734,379
1184,485
575,300
999,724
729,441
799,424
765,939
718,169
1131,406
975,257
1062,25
766,379
871,780
471,406
708,491
411,406
414,270
510,351
385,360
765,939
672,347
387,257
531,406
NEXT
734,433
468,298
293,688
536,301
545,139
307,596
399,794
734,379
1125,336
607,178
382,-6
609,458
677,377
178,485
444,369
829,258
663,524
617,207
672,465
NEXT
685,377
504,753
453,480
672,378
561,36
504,378
655,393
677,377
702,427
1071,406
716,358
1162,161
563,424
617,605
782,93
NEXT
501,406
524,891
948,270
444,443
810,7
702,427
1095,341
468,514
1036,350
729,371
966,314
644,169
681,136
494,311
737,761
554,533
764,662
606,880
452,721
NEXT
808,279
600,246
611,309
600,566
786,261
823,452
515,919
822,212
570,64
148,490
611,503
626,577
415,364
598,662
803,166
453,480
1095,341
635,264
658,554
921,406
829,258
533,383
667,318
753,458
563,424
321,46
709,229
171,406
606,880
NEXT
999,88
654,491
744,469
633,371
630,731
563,388
644,520
1045,670
847,-107
227,637
822,212
464,-21
626,577
580,93
646,358
1155,331
624,424
918,443
912,-48
607,634
910,721
771,406
464,833
1125,336
792,748
512,237
773,691
994,507
651,406
918,443
NEXT
554,279
245,723
368,305
300,25
681,376
488,672
1041,766
342,160
718,520
366,177
977,452
844,86
NEXT
765,-127
296,345
857,164
776,593
802,494
598,662
766,433
977,360
617,605
681,766
823,452
607,634
171,406
597,322
554,279
291,406
814,338
567,443
470,697
912,-48
727,110
439,582
NEXT
597,322
515,-107
948,270
994,305
644,292
596,433
654,321
254,623
635,110
593,527
385,702
782,719
738,424
515,919
523,624
1108,267
606,-68
311,286
667,494
468,298
NEXT
575,352
831,406
414,542
733,334
548,474
602,-97
591,406
237,476
681,76
435,67
709,415
533,258
892,115
975,257
628,379
898,833
576,551
1066,467
477,806
624,424
1028,583
1001,569
695,494
390,195
844,726
658,554
681,376
699,463
672,378
1214,322
738,388
NEXT
609,458
406,131
558,237
921,406
792,748
705,423
417,42
626,577
857,164
787,352
766,433
504,378
681,316
672,378
1095,471
787,352
542,833
311,526
858,434
653,397
627,512
317,142
912,860
597,-127
681,-104
858,753
439,230
664,430
521,487
533,383
385,702
899,564
NEXT
505,164
822,600
681,556
892,697
1117,89
802,318
852,351
524,891
622,397
533,383
1051,286
630,81
998,842
718,169
745,605
448,639
545,673
629,478
425,323
672,434
649,613
814,338
621,406
291,406
361,243
736,235
1023,517
1108,545
810,805
609,458
898,833
947,599
450,860
723,364
545,673
829,554
NEXT
868,501
468,514
385,702
927,745
1051,286
799,388
838,-79
826,511
652,410
225,554
148,490
609,458
710,410
533,554
723,364
732,81
390,195
515,919
653,583
NEXT
641,486
611,850
857,164
1020,160
196,249
1051,286
491,596
444,369
745,605
658,554
415,364
829,862
963,18
1125,336
681,886
602,-97
607,634
817,673
709,397
512,237
945,42
1117,89
795,443
NEXT
477,6
681,856
512,529
847,-107
282,277
830,112
641,486
681,586
742,21
868,501
681,916
718,520
721,326
753,354
334,229
713,613
814,474
342,67
342,160
694,380
733,478
786,261
850,529
744,343
753,354
710,410
261,406
727,110
NEXT
998,842
945,42
875,265
488,672
1080,277
817,139
749,539
764,662
858,59
518,86
998,842
817,139
1020,160
996,635
512,283
515,-107
782,93
NEXT
399,794
533,383
709,583
923,582
751,-38
237,476
436,887
611,850
705,389
756,880
561,406
600,246
425,323
927,745
914,639
600,566
709,583
742,791
718,292
602,909
1069,688
593,285
390,617
1028,229
593,392
225,258
385,360
755,634
512,237
NEXT
625,51
1028,583
533,258
736,235
602,-97
947,599
789,193
746,-8
918,369
810,7
765,322
NEXT
921,528
523,624
1095,471
415,364
738,388
765,939
972,617
654,353
1051,526
681,706
1166,563
778,336
591,406
841,487
1155,481
880,470
808,533
598,662
1020,67
695,318
852,461
874,672
178,485
948,542
858,753
778,336
NEXT
207,331
1155,481
1028,229
871,596
575,352
956,681
1125,336
548,474
524,-79
663,463
681,646
921,528
385,110
753,458
620,791
654,353
1093,705
830,112
1101,406
625,51
718,643
1108,267
227,637
464,-21
448,173
326,350
300,25
847,919
342,67
196,563
639,140
644,169
735,512
999,724
751,503
NEXT
427,152
361,243
560,318
536,301
326,350
339,517
808,533
326,462
654,353
536,511
494,501
667,318
NEXT
441,528
787,512
491,32
1137,258
1062,787
453,332
868,501
923,582
664,430
533,383
737,51
695,494
225,258
787,352
415,448
559,166
561,406
629,334
356,355
735,512
NEXT
1135,637
766,433
521,325
664,382
626,577
892,697
749,273
713,613
760,909
415,448
452,91
820,833
751,503
415,213
NEXT
563,388
613,273
245,723
681,556
681,226
909,480
342,160
488,140
742,21
698,430
441,284
764,662
536,301
639,672
710,402
765,-127
935,152
1081,610
948,542
713,199
518,86
1071,406
894,514
282,277
729,371
1137,258
415,448
826,301
702,427
681,46
847,919
627,512
761,366
515,919
681,196
510,461
NEXT
1101,406
321,406
593,527
196,563
487,547
635,264
227,637
548,474
681,766
414,542
1137,258
804,237
839,188
576,261
709,583
681,916
570,64
575,300
792,64
681,226
296,345
704,258
417,42
1080,277
998,842
894,514
977,110
999,724
504,434
342,160
769,420
1108,623
778,336
225,258
482,470
1135,637
NEXT
803,166
871,780
385,452
231,406
1045,670
510,351
470,115
586,219
755,634
803,166
698,430
681,586
977,360
852,351
560,318
690,347
366,177
NEXT
469,618
814,338
672,465
736,577
1194,240
858,378
649,613
602,-97
755,634
629,478
773,691
1191,406
685,377
746,-8
NEXT
606,-68
317,670
464,-21
196,249
735,300
482,470
713,199
721,486
558,237
803,166
366,177
681,526
591,406
227,637
334,583
450,-48
733,334
764,150
NEXT
681,196
652,402
1051,286
699,463
453,480
765,322
1055,596
613,273
681,766
1166,249
956,131
871,32
366,635
760,-97
561,776
736,577
707,419
1080,277
653,415
584,336
1137,258
267,471
512,529
548,474
NEXT
622,397
1137,258
552,805
245,89
633,441
468,298
542,-21
342,652
871,780
663,463
300,787
635,702
681,466
762,566
926,887
387,257
858,434
406,681
972,617
838,-79
622,397
635,548
782,93
699,463
1184,485
296,467
533,-50
464,833
1041,766
769,285
NEXT
956,131
1108,623
723,140
765,490
342,67
723,364
663,524
681,946
646,358
826,511
704,258
822,212
799,424
803,646
254,545
1020,67
646,454
681,886
468,514
681,556
996,635
948,270
681,346
NEXT
1194,240
948,270
1117,723
300,25
653,583
470,697
857,648
1069,688
664,430
937,489
927,745
321,766
617,207
628,433
707,419
NEXT
1028,229
1184,485
524,891
948,270
382,-6
829,554
999,724
773,121
584,476
1135,175
591,406
NEXT
708,459
756,-68
321,766
792,64
545,139
523,624
567,369
515,919
764,150
755,178
178,485
521,325
468,298
1020,745
482,470
469,194
756,880
573,619
178,327
584,336
1166,249
563,424
NEXT
649,613
705,423
681,196
311,526
439,230
996,177
839,188
789,619
948,542
948,270
611,309
576,261
596,379
621,406
729,371
755,178
685,377
1166,563
607,178
644,169
521,325
469,194
729,371
681,406
1214,490
871,596
536,301
999,724
681,676
NEXT
829,429
830,700
694,380
653,583
178,485
829,554
963,18
618,469
548,338
787,300
NEXT
436,887
948,542
727,264
998,-30
681,376
795,369
633,371
633,441
417,42
858,59
227,175
721,486
448,639
1093,107
1080,535
702,427
635,110
681,556
231,406
668,380
947,599
539,360
512,529
956,131
708,321
737,761
364,-30
293,688
1001,569
875,265
1066,467
841,487
735,300
450,860
200,651
561,776
649,613
NEXT
765,322
804,237
406,131
593,392
545,139
390,617
912,860
267,341
892,115
977,110
575,512
996,635
963,794
823,452
573,619
589,691
746,820
681,286
681,-74
321,46
342,745
1137,554
776,219
NEXT
858,59
635,110
776,593
841,487
1045,670
586,593
1161,406
751,850
977,702
801,776
685,377
723,672
751,850
926,887
858,753
893,194
699,288
782,93
542,-21
639,672
NEXT
342,67
899,248
733,478
469,194
463,564
601,366
681,-44
681,226
951,406
512,283
NEXT
823,360
326,462
694,380
491,32
533,-50
627,512
898,-21
406,131
972,195
814,338
776,593
918,443
387,257
786,261
601,446
880,470
681,-74
1108,267
732,731
570,748
1101,406
844,726
598,150
267,341
427,660
1117,723
723,448
293,124
487,265
625,51
321,406
699,463
620,791
518,86
291,406
823,452
435,67
1221,406
NEXT
300,787
293,124
385,360
996,635
850,529
644,292
663,349
841,325
981,406
776,219
611,309
1221,406
658,554
1045,670
441,406
521,325
817,673
1184,327
937,489
844,86
766,433
600,246
871,216
681,76
751,309
NEXT
630,731
225,554
470,115
1194,240
494,311
453,332
1162,161
910,91
803,646
227,175
885,6
629,478
532,700
539,360
745,605
871,596
1041,406
618,469
540,212
782,93
448,639
773,691
690,378
561,36
874,140
657,389
847,-107
1006,457
718,292
NEXT
655,419
649,199
769,392
1137,258
751,850
745,207
361,569
704,554
852,461
471,406
718,643
1062,787
227,175
267,341
NEXT
620,21
639,140
718,292
822,600
994,305
609,354
681,646
385,110
411,406
681,-14
1045,142
888,438
681,-134
844,86
685,377
782,93
751,850
339,295
945,42
501,406
597,490
491,596
705,389
470,115
536,301
617,207
227,175
NEXT
702,385
875,547
657,389
826,511
994,305
708,459
681,136
880,342
361,243
435,745
858,753
644,520
444,443
830,700
708,321
444,443
611,-38
736,235
196,563
504,434
926,887
980,818
470,115
1020,652
894,514
621,406
888,438
1081,202
427,660
237,336
NEXT
709,583
803,166
658,554
453,480
411,406
425,323
765,322
448,639
838,-79
735,300
1066,467
NEXT
617,207
639,672
385,702
657,423
885,6
847,919
427,660
417,42
518,726
829,429
681,106
363,88
368,305
300,25
601,446
852,461
799,388
646,358
148,322
857,648
494,501
893,194
898,833
NEXT
1062,787
237,476
635,548
575,352
746,820
261,406
773,121
644,520
539,452
635,702
616,-8
575,300
761,446
201,406
558,237
753,354
1055,596
625,51
387,555
1137,258
1081,202
281,610
342,652
681,256
732,81
871,32
591,406
NEXT
694,380
937,323
505,648
584,476
1166,563
826,301
598,150
1161,406
735,300
742,791
745,207
296,345
699,524
1214,490
609,458
721,326
778,476
850,283
1020,745
753,354
826,511
200,161
629,478
921,284
657,389
NEXT
892,697
532,700
598,662
385,360
435,745
601,446
532,700
1095,341
817,673
368,507
649,199
799,388
629,478
417,42
NEXT
681,-44
598,150
1045,670
1066,467
539,360
575,512
425,489
681,466
858,59
681,286
994,507
1066,345
874,140
406,681
898,833
822,600
269,107
464,833
713,199
1117,723
627,512
667,318
799,424
NEXT
667,494
470,697
351,406
1066,467
482,342
601,366
755,178
803,166
245,723
1006,457
494,311
385,452
611,850
629,334
1066,467
681,-14
746,-8
773,121
425,489
681,826
681,166
NEXT
1137,554
539,452
505,164
575,300
820,-21
823,452
681,616
858,59
732,731
261,406
977,452
417,770
1081,610
406,681
NEXT
607,634
427,660
624,424
1155,331
830,112
718,643
1062,787
470,697
778,336
773,691
570,748
789,619
695,318
1093,705
598,150
441,284
563,424
641,486
361,569
804,575
681,466
533,383
787,512
366,635
745,207
561,406
597,490
681,76
644,520
532,700
1036,350
342,160
382,818
672,434
620,791
826,511
826,511
487,547
512,283
NEXT
778,336
999,88
644,169
200,651
1020,745
657,389
626,235
823,360
518,726
311,286
681,706
727,264
830,700
789,619
672,465
713,613
755,178
436,887
935,152
681,826
1081,610
611,503
804,575
668,380
799,424
893,618
778,336
708,353
342,67
718,169
1125,336
207,481
196,563
653,229
505,648
570,748
733,334
NEXT
558,575
494,311
580,93
753,458
494,501
829,-50
681,826
635,548
681,616
937,489
399,794
1069,124
756,880
681,466
914,639
1137,258
464,833
852,351
681,106
300,25
766,379
681,766
702,385
521,325
633,441
751,503
463,564
947,364
753,458
769,420
624,424
947,213
463,248
729,371
1166,249
681,316
269,107
591,406
966,314
NEXT
597,322
814,338
596,379
639,448
524,891
709,397
630,81
839,188
254,545
829,383
663,349
947,448
639,448
926,887
792,748
733,334
727,110
616,-8
225,258
597,322
NEXT
663,288
628,379
654,321
168,240
618,343
415,599
474,374
1045,670
667,318
765,490
254,545
654,491
477,6
710,410
575,352
681,946
681,706
802,318
709,583
575,300
742,791
611,309
NEXT
773,121
999,724
947,599
826,301
616,-8
450,-48
613,539
1036,350
653,397
1023,517
563,388
607,178
NEXT
1055,596
709,229
607,634
488,140
926,-75
681,406
844,726
515,-107
1041,46
1006,457
753,458
975,257
435,67
1080,535
NEXT
690,378
761,366
681,526
644,520
921,528
439,230
681,106
494,501
764,150
505,648
533,383
625,51
415,364
148,322
1194,572
414,542
607,634
782,719
436,887
561,36
694,432
1055,596
639,140
690,465
NEXT
975,555
512,575
672,465
200,161
736,577
439,230
300,787
935,152
560,494
1155,481
452,721
281,610
1108,267
1066,345
453,480
736,235
694,380
760,-97
850,529
591,406
690,378
681,496
977,360
935,660
822,212
282,535
593,527
1045,670
368,305
616,-8
654,491
652,410
820,-21
NEXT
1020,652
607,634
293,124
1069,124
1155,481
417,770
871,596
1020,745
956,131
317,670
363,724
839,188
948,542
334,583
1125,476
171,406
829,-50
787,352
727,264
1117,89
921,406
1006,355
254,267
655,393
512,237
NEXT
681,886
804,575
639,364
1184,485
755,634
563,388
787,460
660,427
468,298
810,7
681,346
561,36
804,575
487,547
847,919
616,-8
559,166
765,939
765,939
947,448
539,360
1166,249
663,349
468,298
694,380
NEXT
654,321
742,791
751,309
733,478
586,219
488,140
593,285
871,596
586,593
802,494
1108,545
762,566
921,528
NEXT
627,512
387,555
567,369
951,406
773,691
681,646
570,64
652,410
761,366
766,433
NEXT
633,441
996,635
761,446
601,446
681,946
1095,471
586,593
847,919
463,564
1101,406
396,314
629,334
625,51
761,366
695,494
482,470
254,189
947,448
606,880
452,721
602,-97
681,766
918,369
1020,652
802,494
385,452
414,542
482,342
441,406
381,406
891,406
627,512
491,780
539,452
708,321
980,818
773,121
NEXT
470,697
382,818
477,6
912,-48
808,279
663,524
765,490
1155,481
746,820
704,554
450,-48
810,7
729,371
630,731
681,196
760,-97
639,448
690,465
561,406
NEXT
635,702
966,498
681,286
655,393
1023,517
573,619
593,420
817,673
1135,637
826,511
948,270
439,230
681,676
552,805
749,539
567,443
838,-79
307,216
667,494
NEXT
871,780
898,-21
596,379
658,258
618,469
850,283
491,596
617,605
699,463
593,527
399,18
570,64
738,424
999,724
368,305
773,121
293,688
935,152
282,535
1006,355
644,520
448,639
435,745
NEXT
307,596
844,726
584,476
681,586
342,67
1117,723
141,406
727,702
512,237
477,806
311,526
620,791
593,392
1051,286
1036,350
NEXT
597,939
540,600
505,648
639,448
364,-30
399,794
861,406
893,618
575,460
464,833
1020,67
639,672
699,463
567,443
396,498
415,599
756,-68
518,726
563,388
789,193
597,-127
281,610
1036,462
738,424
711,406
390,617
533,554
NEXT
663,524
196,563
776,593
385,702
861,406
850,237
584,476
469,194
755,178
871,780
681,256
326,462
639,672
685,435
639,448
707,419
628,433
425,489
361,243
1214,322
1101,406
533,383
708,353
945,770
NEXT
536,511
981,406
705,423
649,199
558,575
382,818
411,406
681,-134
708,353
893,194
635,110
893,194
624,388
963,18
559,166
561,776
1020,160
NEXT
709,229
709,583
981,406
888,438
491,32
196,249
746,820
707,393
617,605
690,378
923,582
523,188
573,193
705,389
326,350
947,599
533,554
533,429
1095,471
597,939
858,753
415,448
681,196
810,7
NEXT
396,498
981,406
653,583
702,427
981,406
838,891
736,577
751,850
441,284
415,448
597,-127
NEXT
441,528
601,366
317,142
787,300
926,-75
580,719
681,286
894,298
735,512
580,719
653,415
521,487
1023,517
1081,202
653,583
690,465
923,230
1045,142
1137,258
885,806
1117,89
721,486
196,249
746,820
414,542
972,195
616,-8
654,321
820,-21
311,526
598,150
625,761
1006,457
681,736
996,177
667,494
707,393
NEXT
561,776
817,139
874,140
1166,249
761,366
617,207
444,443
782,719
927,745
269,107
716,358
621,406
657,423
776,593
1093,705
808,279
561,776
441,406
635,110
307,596
540,600
641,486
491,780
448,639
871,216
1093,705
808,279
738,388
291,406
NEXT
559,646
563,388
536,301
927,745
1081,610
894,298
254,189
488,140
1080,535
613,539
616,820
681,736
512,529
723,448
364,842
765,939
705,423
681,196
620,21
NEXT
474,374
435,67
542,-21
875,265
737,51
709,415
655,419
829,862
653,415
618,469
921,406
909,332
317,670
681,136
937,489
977,452
1028,229
762,246
664,430
593,285
1194,240
716,358
471,406
504,59
660,385
963,794
639,672
766,433
390,195
NEXT
923,230
977,702
1125,476
415,364
951,406
1006,355
624,424
935,152
810,805
368,507
453,332
694,380
505,164
681,916
801,776
598,150
1001,243
576,551
1051,526
875,265
510,351
342,160
1028,229
448,173
894,514
681,826
366,635
822,600
567,443
829,554
NEXT
707,393
448,173
504,753
909,332
439,230
705,389
291,406
586,593
857,164
898,-21
504,378
NEXT
225,554
1095,471
735,512
196,563
411,406
1137,258
1001,569
893,194
1041,766
789,193
NEXT
660,427
782,93
611,850
672,434
709,229
663,288
880,342
1062,25
892,115
762,566
436,-75
787,460
858,378
200,161
201,406
681,946
795,369
611,309
281,202
651,406
734,433
NEXT
584,336
708,321
630,731
741,406
482,342
899,248
559,646
980,-6
363,724
858,753
598,150
998,842
998,-30
947,213
918,369
356,355
977,360
633,441
237,336
NEXT
561,406
778,476
617,207
852,351
681,706
617,605
681,826
385,702
681,736
231,406
NEXT
1006,457
672,378
681,-74
470,115
822,600
655,419
761,446
910,91
721,486
589,121
452,721
148,490
512,283
803,166
548,338
326,350
560,318
639,140
617,207
1108,545
532,700
207,481
629,334
436,-75
654,353
463,248
893,618
141,406
523,624
727,548
311,286
935,660
552,805
NEXT
718,292
681,136
814,474
342,160
1108,189
524,-79
874,672
1023,517
733,334
487,265
1023,517
639,448
741,406
681,136
504,59
826,511
782,93
695,494
663,288
254,623
NEXT
504,434
469,194
597,939
1093,705
885,806
667,494
444,369
570,748
841,487
533,258
621,406
778,476
1166,563
531,406
559,166
296,345
655,393
769,420
1080,277
664,430
1125,336
681,526
417,770
880,470
737,761
814,474
732,81
681,286
436,887
787,460
361,569
548,338
975,257
668,380
721,326
596,379
761,446
912,-48
NEXT
871,780
417,770
533,-50
838,-79
892,115
618,469
795,369
749,273
792,748
935,660
681,376
558,575
468,298
533,383
829,862
817,673
891,406
732,731
363,724
560,494
NEXT
1125,336
681,256
910,91
441,284
469,618
829,554
926,887
178,485
178,485
677,435
NEXT
293,124
996,177
427,152
804,575
545,139
787,460
660,385
820,-21
580,93
291,406
450,-48
966,314
681,886
975,555
NEXT
735,300
474,438
681,-74
334,583
912,860
558,237
269,705
536,511
741,406
681,466
663,288
654,491
469,618
699,349
792,64
705,423
225,554
542,-21
1020,67
444,369
415,448
602,-97
927,745
956,131
NEXT
639,364
628,379
504,59
981,406
711,406
681,886
977,452
1221,406
1001,569
727,548
998,842
628,433
745,207
342,652
1155,481
387,257
611,503
1095,471
745,207
254,623
415,599
761,366
756,880
736,577
584,336
300,25
491,596
NEXT
439,230
850,237
663,288
580,93
921,528
885,6
561,36
1166,249
491,780
729,441
690,378
769,392
399,18
356,457
894,514
629,334
927,745
657,389
994,507
464,-21
888,438
732,81
652,410
602,-97
951,406
710,402
927,745
937,489
829,862
464,-21
504,753
909,480
1045,142
597,490
646,358
601,366
745,207
385,110
918,369
NEXT
561,36
1161,406
1081,202
474,374
742,21
385,360
850,575
734,433
168,572
713,199
935,660
411,406
847,-107
178,327
898,-21
342,745
874,672
737,761
NEXT
766,379
663,288
951,406
415,599
1081,610
436,887
606,-68
786,261
381,406
804,237
745,605
387,257
841,325
611,503
482,342
773,121
602,-97
850,529
723,364
707,393
732,731
945,42
559,646
660,385
814,474
1135,637
293,688
841,487
254,623
710,402
641,486
817,673
611,850
NEXT
254,189
382,-6
653,583
282,277
512,237
441,406
727,110
487,265
802,494
339,517
850,283
NEXT
536,301
463,564
681,-44
871,32
713,613
729,371
814,338
947,448
681,106
580,719
601,366
981,406
570,748
727,548
707,393
727,702
575,300
823,452
576,261
602,909
1162,161
NEXT
620,21
762,566
727,548
1135,175
452,91
611,850
618,343
613,273
477,806
245,89
826,511
356,355
1020,160
148,322
649,613
491,216
NEXT
620,791
738,388
672,378
463,564
1062,787
539,452
690,465
453,480
707,393
761,366
NEXT
515,919
912,-48
829,429
672,378
196,249
744,343
491,780
148,490
708,459
773,121
885,6
681,136
996,177
1006,457
830,112
782,719
681,616
761,446
1020,652
1135,637
589,121
874,140
732,81
1006,457
977,702
468,514
639,140
1071,406
406,131
1045,670
NEXT
542,833
1221,406
727,548
649,613
923,230
148,322
808,533
858,59
921,284
831,406
769,420
510,461
858,434
545,139
NEXT
751,503
672,434
620,21
504,59
471,406
755,178
563,424
570,64
231,406
977,110
387,257
839,624
935,660
801,36
716,454
660,427
482,470
871,32
561,776
624,424
561,776
927,745
444,443
1023,295
504,434
727,110
644,169
148,322
698,382
533,554
681,826
947,364
NEXT
756,-68
681,556
1066,345
439,230
996,635
533,383
740,415
196,249
448,639
874,140
681,736
NEXT
487,265
852,461
745,207
1108,545
898,833
387,257
894,298
646,358
755,178
966,498
891,406
681,556
385,452
545,139
732,81
524,-79
857,648
470,115
625,51
NEXT
994,507
589,691
718,169
766,433
738,424
658,554
690,434
559,646
769,527
629,478
947,213
488,672
829,554
417,42
875,265
923,582
810,805
681,-104
464,-21
282,277
563,424
677,377
732,81
NEXT
598,150
227,637
765,322
296,345
698,430
536,511
803,646
727,110
450,-48
611,850
448,173
681,856
972,617
801,36
593,527
463,564
196,249
477,6
709,415
844,726
611,309
644,169
406,131
994,305
980,818
1066,345
626,577
1194,572
668,380
681,646
470,115
1041,766
602,-97
523,624
512,575
898,-21
871,32
382,818
635,548
NEXT
521,487
681,826
269,107
681,496
999,88
753,458
681,436
633,441
1155,331
554,533
450,-48
753,458
616,820
947,364
254,189
351,406
396,314
773,691
521,325
NEXT
999,724
786,551
858,378
524,891
909,332
735,300
789,619
718,169
487,547
927,67
829,383
596,433
425,323
820,-21
561,406
1028,229
654,491
802,494
875,547
999,724
563,424
596,433
452,91
945,770
681,556
937,489
NEXT
435,67
524,891
681,136
611,309
947,213
626,235
1066,345
769,392
539,360
802,494
745,605
826,301
937,323
390,195
681,526
366,177
1036,350
803,166
1135,637
888,374
787,352
745,207
620,791
766,433
912,860
512,575
621,406
660,427
764,150
NEXT
727,264
762,566
558,575
654,491
1028,229
663,524
751,309
417,770
254,267
1069,124
874,672
168,572
339,295
448,173
996,177
795,443
488,672
1108,545
787,512
937,323
789,619
1045,670
624,388
NEXT
387,257
627,512
654,321
829,429
611,503
829,383
540,212
898,-21
654,459
1166,563
755,178
477,806
626,235
926,-75
334,229
282,535
1125,476
875,265
981,406
713,613
741,406
998,842
727,264
742,791
281,202
326,462
657,389
444,369
649,613
441,406
975,555
771,406
1071,406
NEXT
611,-38
762,566
858,59
972,195
1041,406
584,336
681,-14
681,-104
830,112
227,637
657,423
702,427
385,702
795,369
945,42
782,93
745,605
602,909
644,169
733,478
548,474
1214,322
207,481
708,459
602,909
727,110
751,309
695,318
573,193
710,410
947,364
874,672
NEXT
293,688
736,577
681,196
802,318
597,322
698,382
570,748
681,196
808,533
627,300
414,542
998,-30
487,547
765,-127
755,178
1194,240
826,511
641,326
282,535
810,805
515,919
681,196
282,277
NEXT
470,697
668,432
868,311
744,469
589,691
891,406
624,388
639,140
663,463
321,46
681,376
705,423
609,458
626,577
947,213
385,360
681,136
576,261
657,389
539,452
1108,545
681,346
741,406
NEXT
491,596
773,691
501,406
178,327
708,321
799,424
593,420
559,646
601,446
850,575
966,314
723,448
548,474
269,705
653,229
820,-21
765,-127
792,748
850,575
810,7
1036,350
NEXT
681,706
339,517
795,443
368,305
1108,545
630,81
766,379
918,443
1155,481
749,273
789,193
575,460
417,42
681,856
1155,481
710,402
NEXT
561,406
787,352
977,452
1041,406
600,246
635,702
364,-30
937,323
923,582
307,596
1117,723
705,389
269,705
1041,406
1028,229
823,360
681,676
802,318
267,341
NEXT
745,207
672,347
787,460
635,110
664,430
613,539
439,582
334,229
923,230
1161,406
708,353
732,731
207,481
626,577
802,494
892,697
436,887
1051,286
738,388
NEXT
898,833
635,702
463,248
927,745
504,753
734,433
699,463
858,434
593,420
542,833
699,463
980,-6
787,512
789,193
802,494
826,301
1137,258
639,672
641,486
560,494
681,586
1041,46
494,501
681,226
927,745
685,377
1062,787
923,582
711,406
245,723
1162,161
523,188
1036,462
681,166
494,311
NEXT
1117,723
847,-107
681,316
787,512
709,415
597,490
658,554
803,646
850,237
201,406
838,-79
387,555
548,474
981,406
681,376
705,423
681,766
667,318
436,887
998,-30
765,322
580,93
436,887
597,939
641,326
787,460
339,295
681,76
681,256
765,322
633,441
1041,766
NEXT
575,512
740,415
491,216
563,388
1041,766
657,423
945,42
607,178
852,351
602,909
439,582
1006,457
254,623
880,470
1137,554
1020,745
601,446
681,-14
521,487
810,7
888,438
947,599
839,624
764,150
707,393
852,461
663,524
598,662
852,351
723,140
1162,161
406,131
1071,406
804,237
787,352
464,833
523,188
723,672
630,81
NEXT
681,586
342,160
598,150
601,446
801,406
491,780
621,406
1137,258
977,702
685,435
727,702
245,723
875,547
1221,406
644,520
533,258
718,169
584,476
231,406
396,314
830,700
766,379
NEXT
655,419
625,51
765,490
874,672
801,406
536,301
822,212
814,338
782,719
829,383
482,342
540,600
801,406
1108,189
597,322
760,-97
709,583
1069,688
291,406
342,652
1006,457
769,392
947,599
515,919
512,575
624,424
368,507
245,89
755,634
NEXT
994,507
635,264
734,433
745,605
761,366
602,909
1108,189
602,-97
699,349
672,434
575,460
644,643
808,533
261,406
326,462
667,318
225,554
926,-75
998,-30
963,794
681,76
909,332
734,379
245,89
826,511
482,342
573,193
415,448
681,826
NEXT
254,267
746,820
1036,350
1006,355
629,478
311,526
622,397
653,229
168,572
575,460
820,-21
453,480
593,420
570,64
368,507
871,32
708,491
463,248
778,336
841,325
723,140
558,575
769,420
334,583
972,195
488,672
326,350
764,150
1191,406
681,436
801,776
841,487
311,286
382,-6
681,196
914,173
417,42
200,651
NEXT
593,527
874,140
488,140
709,229
681,706
753,354
672,465
1028,583
778,476
311,526
491,780
740,415
740,397
639,672
745,605
624,388
644,520
792,748
425,489
597,322
721,326
871,216
786,261
672,434
729,441
515,-107
584,336
269,107
721,326
830,112
681,916
808,279
NEXT
